,Unnamed: 0,price,area,bathrooms,stories,mainroad,airconditioning,parking,prefarea,furnishingstatus
0,0,9870000,8100,1,2,1,1,2,1,2
1,1,9800000,5750,2,4,1,1,1,1,0
2,2,9800000,13200,1,2,1,1,2,1,2
3,3,9681000,6000,3,2,1,0,2,0,1
4,4,9310000,6550,2,2,1,1,1,1,1
5,5,9240000,3500,2,2,1,0,2,0,2
6,6,9240000,7800,2,2,1,0,0,1,1
7,7,9100000,6000,1,2,1,0,2,0,1
8,8,6650000,6500,2,3,1,1,0,1,2
9,9,6650000,5700,1,1,1,1,2,1,2
10,10,6650000,6000,2,3,1,1,0,0,2
11,11,6629000,6000,1,2,1,0,1,1,1
12,12,6615000,4000,2,2,1,1,1,0,1
13,13,6615000,10500,2,1,1,1,1,1,2
14,14,6580000,6000,2,4,1,1,0,0,1
15,15,6510000,3760,1,2,1,0,2,0,1
16,16,6510000,8250,2,3,1,1,0,0,2
17,17,6510000,6670,1,3,1,0,0,1,0
18,18,6475000,3960,1,1,1,0,2,0,1
19,19,6475000,7410,1,1,1,1,2,1,0
20,20,6440000,8580,3,2,1,0,2,0,2
21,21,6440000,5000,1,2,1,1,0,0,1
22,22,2345000,3640,1,1,1,0,0,0,0
23,23,2310000,3180,1,1,1,0,0,0,0
24,24,2275000,1836,1,1,0,0,0,0,1
25,25,2275000,3970,1,1,0,0,0,0,0
26,26,2275000,3970,1,2,1,0,0,0,0
27,27,2240000,1950,1,1,0,0,0,0,0
28,28,2233000,5300,1,1,0,1,0,1,0
29,29,2135000,3000,1,1,0,0,0,0,0
30,30,2100000,2400,1,2,1,0,0,0,0
31,31,2100000,3000,1,2,1,0,0,0,0
32,32,2100000,3360,1,1,1,0,1,0,0
33,33,1960000,3420,1,2,0,0,0,0,0
34,34,1890000,1700,1,2,1,0,0,0,0
35,35,1890000,3649,1,1,1,0,0,0,0
36,36,1855000,2990,1,1,0,0,1,0,0
37,37,1820000,3000,1,1,1,0,2,0,0
38,38,1767150,2400,1,1,0,0,0,0,1
39,39,1750000,3620,1,1,1,0,0,0,0
40,40,1750000,2910,1,1,0,0,0,0,2
41,41,6419000,6750,1,1,1,0,2,1,2
42,42,6405000,4800,2,4,1,1,0,0,2
43,43,6300000,7200,2,1,1,1,3,0,1
44,44,6300000,6000,2,4,1,0,1,0,1
45,45,6300000,4100,2,3,1,1,2,0,1
46,46,6300000,9000,1,1,1,0,1,1,2
47,47,6300000,6400,1,1,1,1,1,1,1
48,48,6293000,6600,2,3,1,1,0,1,0
49,49,6265000,6000,1,3,1,0,0,1,0
50,50,6230000,6600,2,1,1,1,0,1,0
51,51,6230000,5500,1,3,1,0,1,1,0
52,52,6195000,5500,2,4,1,1,1,0,1
53,53,6195000,6350,2,3,1,1,0,0,2
54,54,6195000,5500,2,1,1,0,2,1,2
55,55,6160000,4500,1,4,1,1,0,0,0
56,56,5950000,6525,2,4,1,0,1,0,2
57,57,5943000,15600,1,1,1,1,2,0,1
58,58,5880000,7160,1,1,1,0,2,1,0
59,59,5880000,6500,2,3,1,1,0,0,0
60,60,5873000,5500,1,3,1,1,1,0,2
61,61,5873000,11460,1,3,1,0,2,1,1
62,62,5866000,4800,1,1,1,0,0,0,0
63,63,5810000,5828,1,4,1,0,0,0,1
64,64,5810000,5200,1,3,1,1,0,0,1
65,65,5810000,4800,1,3,1,1,0,0,0
66,66,5803000,7000,1,1,1,0,2,1,1
67,67,5775000,6000,2,4,1,1,0,0,0
68,68,5740000,5400,2,2,1,1,2,0,0
69,69,5740000,4640,1,2,1,0,1,0,1
70,70,5740000,5000,1,3,1,1,0,0,1
71,71,5740000,6360,1,1,1,1,2,1,2
72,72,5740000,5800,2,4,1,1,0,0,0
73,73,5652500,6660,2,2,1,0,1,1,1
74,74,5600000,10500,2,2,1,0,1,0,1
75,75,5600000,4800,2,3,0,0,0,0,0
76,76,5600000,4700,1,2,1,1,1,0,2
77,77,5600000,5000,1,4,1,0,0,0,2
78,78,5600000,10500,1,1,1,0,1,0,1
79,79,5600000,5500,2,2,1,0,1,0,1
80,80,5600000,6360,1,3,1,0,0,1,1
81,81,5600000,6600,2,1,1,0,0,1,1
82,82,5600000,5136,1,2,1,1,0,1,0
83,83,5565000,4400,1,2,1,1,2,1,1
84,84,5565000,5400,1,2,1,1,0,1,2
85,85,5530000,3300,3,2,1,0,0,0,1
86,86,5530000,3650,2,2,1,0,2,0,1
87,87,5530000,6100,2,1,1,0,2,1,2
88,88,5523000,6900,1,1,1,0,0,1,1
89,89,5495000,2817,2,2,0,0,1,0,2
90,90,5495000,7980,1,1,1,0,2,0,1
91,91,5460000,3150,2,1,1,1,0,0,2
92,92,5460000,6210,1,4,1,1,0,0,2
93,93,5460000,6100,1,3,1,1,0,1,1
94,94,5460000,6600,2,2,1,0,0,1,1
95,95,5425000,6825,1,1,1,1,0,1,1
96,96,5390000,6710,2,2,1,0,1,1,2
97,97,5383000,6450,2,1,1,0,0,0,0
98,98,5320000,7800,1,1,1,1,2,1,0
99,99,5285000,4600,2,1,1,1,2,0,1
100,100,5250000,4260,1,2,1,1,0,0,2
101,101,5250000,6540,2,2,0,1,0,0,1
102,102,5250000,5500,2,1,1,0,0,0,1
103,103,5250000,10269,1,1,1,0,1,1,1
104,104,5250000,8400,1,2,1,1,2,1,0
105,105,5250000,5300,2,1,1,1,0,1,0
106,106,5250000,3800,1,2,1,0,1,1,0
107,107,5250000,9800,2,2,1,0,2,0,1
108,108,5250000,8520,1,1,1,1,2,0,2
109,109,5243000,6050,1,1,1,0,0,1,1
110,110,5229000,7085,1,1,1,0,2,1,1
111,111,5215000,3180,2,2,1,0,2,0,1
112,112,5215000,4500,2,1,0,1,2,0,1
113,113,5215000,7200,1,2,1,0,1,1,2
114,114,5145000,3410,1,2,0,1,0,0,1
115,115,5145000,7980,1,1,1,0,1,1,1
116,116,5110000,3000,2,2,1,0,0,0,2
117,117,5110000,3000,1,2,1,0,0,0,0
118,118,5110000,11410,1,2,1,0,0,1,2
119,119,5110000,6100,1,1,1,1,0,1,1
120,120,5075000,5720,1,2,1,1,0,1,0
121,121,5040000,3540,1,1,0,0,0,0,1
122,122,5040000,7600,1,2,1,1,2,0,2
123,123,5040000,10700,1,2,1,0,0,0,1
124,124,5040000,6600,1,1,1,0,0,1,2
125,125,5033000,4800,1,1,1,0,0,0,1
126,126,5005000,8150,2,1,1,0,0,0,1
127,127,4970000,4410,3,2,1,0,2,0,1
128,128,4970000,7686,1,1,1,0,0,0,1
129,129,4956000,2800,2,2,0,1,1,0,1
130,130,4935000,5948,1,2,1,1,0,0,1
131,131,4907000,4200,1,2,1,0,1,0,2
132,132,4900000,4520,1,2,1,1,0,0,1
133,133,4900000,4095,1,2,0,1,0,0,1
134,134,4900000,4120,1,1,1,0,1,0,1
135,135,4900000,5400,1,2,1,0,0,0,1
136,136,4900000,4770,1,1,1,0,0,0,1
137,137,4900000,6300,1,1,1,1,2,0,1
138,138,4900000,5800,1,1,1,1,0,0,1
139,139,4900000,3000,1,2,1,1,0,0,1
140,140,4900000,2970,1,3,1,0,0,0,1
141,141,4900000,6720,1,1,1,0,0,0,0
142,142,4900000,4646,1,2,1,0,2,0,1
143,143,4900000,12900,1,1,1,0,2,0,2
144,144,4893000,3420,2,2,1,1,2,0,1
145,145,4893000,4995,2,1,1,0,0,0,1
146,146,4865000,4350,1,1,1,0,0,0,0
147,147,4830000,4160,1,3,1,0,0,0,0
148,148,4830000,6040,1,1,1,0,2,1,1
149,149,4830000,6862,1,2,1,1,2,1,2
150,150,4830000,4815,1,1,1,1,0,1,1
151,151,4795000,7000,1,2,1,0,0,0,0
152,152,4795000,8100,1,4,1,1,2,0,1
153,153,4767000,3420,2,2,1,0,0,0,1
154,154,4760000,9166,1,1,1,1,2,0,1
155,155,4760000,6321,1,2,1,1,1,0,2
156,156,4760000,10240,1,1,1,1,2,1,0
157,157,4753000,6440,1,1,1,1,3,0,1
158,158,4690000,5170,1,4,1,1,0,0,1
159,159,4690000,6000,1,1,1,1,1,0,2
160,160,4690000,3630,1,2,1,0,2,0,1
161,161,4690000,9667,2,2,1,0,1,0,1
162,162,4690000,5400,1,2,1,0,0,1,1
163,163,4690000,4320,1,1,1,0,0,1,1
164,164,4655000,3745,1,2,1,0,0,0,2
165,165,4620000,4160,1,1,1,1,0,0,0
166,166,4620000,3880,2,2,1,0,2,0,1
167,167,4620000,5680,1,2,1,1,1,0,1
168,168,4620000,2870,1,2,1,0,0,1,1
169,169,4620000,5010,1,2,1,0,0,0,1
170,170,4613000,4510,2,2,1,0,0,0,1
171,171,4585000,4000,1,2,1,0,1,0,2
172,172,4585000,3840,1,2,1,0,1,1,1
173,173,4550000,3760,1,1,1,0,2,0,1
174,174,4550000,3640,1,2,1,1,0,0,2
175,175,4550000,2550,1,2,1,0,0,0,2
176,176,4550000,5320,1,2,1,0,0,1,1
177,177,4550000,5360,1,2,1,0,2,1,0
178,178,4550000,3520,1,1,1,0,0,1,1
179,179,4550000,8400,1,4,1,0,3,0,0
180,180,4543000,4100,2,1,1,0,0,0,1
181,181,4543000,4990,2,2,1,0,0,1,2
182,182,4515000,3510,1,3,1,0,0,0,1
183,183,4515000,3450,1,2,1,0,1,0,1
184,184,4515000,9860,1,1,1,0,0,0,1
185,185,4515000,3520,1,2,1,0,0,1,2
186,186,4480000,4510,1,2,1,1,2,0,1
187,187,4480000,5885,1,1,1,1,1,0,0
188,188,4480000,4000,1,2,1,0,2,0,2
189,189,4480000,8250,1,1,1,0,0,0,2
190,190,4480000,4040,1,2,1,0,1,0,1
191,191,4473000,6360,1,1,1,1,1,0,2
192,192,4473000,3162,1,2,1,1,1,0,2
193,193,4473000,3510,1,2,1,0,0,0,1
194,194,4445000,3750,1,1,1,0,0,0,1
195,195,4410000,3968,1,2,0,0,0,0,1
196,196,4410000,4900,1,2,1,0,0,0,1
197,197,4403000,2880,1,2,1,0,0,1,1
198,198,4403000,4880,1,1,1,0,2,1,0
199,199,4403000,4920,1,2,1,0,1,0,1
200,200,4382000,4950,1,2,1,1,0,0,1
201,201,4375000,3900,1,2,1,0,0,0,0
202,202,4340000,4500,2,3,1,0,1,0,2
203,203,4340000,1905,1,2,0,0,0,0,1
204,204,4340000,4075,1,1,1,0,2,0,1
205,205,4340000,3500,1,2,1,0,2,0,2
206,206,4340000,6450,1,2,1,0,0,0,1
207,207,4305000,4400,1,1,1,0,1,0,1
208,208,4305000,10360,1,1,1,0,1,1,1
209,209,4277000,3400,1,2,1,0,2,1,1
210,210,4270000,6360,1,1,1,0,0,0,2
211,211,4270000,6360,1,2,1,0,0,0,0
212,212,4270000,4500,1,1,1,1,2,0,2
213,213,4270000,2175,1,2,0,1,0,0,0
214,214,4270000,4360,1,2,1,0,0,0,2
215,215,4270000,7770,1,1,1,0,1,0,2
216,216,4235000,6650,1,2,1,0,0,0,1
217,217,4235000,2787,1,1,1,0,0,1,2
218,218,4200000,5500,1,2,1,1,0,0,0
219,219,4200000,5040,1,2,1,1,0,0,0
220,220,4200000,5850,1,1,1,0,2,0,1
221,221,4200000,2610,3,2,0,0,0,0,1
222,222,4200000,2953,1,2,1,1,0,0,0
223,223,4200000,2747,2,2,0,0,0,0,1
224,224,4200000,4410,1,1,0,0,1,0,0
225,225,4200000,4000,2,2,0,0,0,0,1
226,226,4200000,2325,1,2,0,0,0,0,1
227,227,4200000,4600,2,2,1,1,1,0,1
228,228,4200000,3640,2,2,1,0,0,0,0
229,229,4200000,5800,1,1,1,0,2,0,1
230,230,4200000,7000,1,1,1,0,3,0,2
231,231,4200000,4079,1,3,1,0,0,0,1
232,232,4200000,3520,1,2,1,0,0,1,1
233,233,4200000,2145,1,3,1,0,1,1,0
234,234,4200000,4500,1,1,1,0,0,0,2
235,235,4193000,8250,1,1,1,0,3,0,1
236,236,4193000,3450,1,2,1,0,1,0,1
237,237,4165000,4840,1,2,1,0,1,0,1
238,238,4165000,4080,1,2,1,0,2,0,1
239,239,4165000,4046,1,2,1,0,1,0,1
240,240,4130000,4632,1,2,1,1,0,0,1
241,241,4130000,5985,1,1,1,0,0,0,1
242,242,4123000,6060,1,1,1,0,1,0,1
243,243,4098500,3600,1,1,1,1,0,1,2
244,244,4095000,3680,2,2,1,0,0,0,1
245,245,4095000,4040,1,2,1,0,1,0,1
246,246,4095000,5600,1,1,1,1,0,0,1
247,247,4060000,5900,2,2,0,0,1,0,0
248,248,4060000,4992,2,2,1,0,2,0,0
249,249,4060000,4340,1,1,1,0,0,0,1
250,250,4060000,3000,1,3,1,1,2,0,1
251,251,4060000,4320,1,2,1,0,2,1,2
252,252,4025000,3630,2,2,1,0,2,0,1
253,253,4025000,3460,2,1,1,1,1,0,2
254,254,4025000,5400,1,1,1,0,3,0,1
255,255,4007500,4500,1,2,0,1,0,0,1
256,256,4007500,3460,1,2,1,1,0,0,1
257,257,3990000,4100,1,1,0,0,0,0,0
258,258,3990000,6480,1,2,0,1,1,0,1
259,259,3990000,4500,2,2,0,1,0,0,1
260,260,3990000,3960,1,2,1,0,0,0,2
261,261,3990000,4050,1,2,1,0,0,1,0
262,262,3920000,7260,2,1,1,0,3,0,2
263,263,3920000,5500,1,2,1,0,0,0,1
264,264,3920000,3000,1,2,1,0,0,0,1
265,265,3920000,3290,1,1,1,0,1,0,2
266,266,3920000,3816,1,1,1,1,2,0,2
267,267,3920000,8080,1,1,1,1,2,0,1
268,268,3920000,2145,2,1,1,0,0,1,0
269,269,3885000,3780,1,2,1,0,0,0,1
270,270,3885000,3180,2,2,1,0,0,0,2
271,271,3850000,5300,2,2,1,0,0,0,1
272,272,3850000,3180,2,1,1,0,2,0,1
273,273,3850000,7152,1,2,1,1,0,0,2
274,274,3850000,4080,1,1,1,0,0,0,1
275,275,3850000,3850,1,1,1,0,0,0,1
276,276,3850000,2015,1,2,1,0,0,1,1
277,277,3850000,2176,1,2,1,0,0,1,1
278,278,3836000,3350,1,2,1,0,0,0,0
279,279,3815000,3150,2,1,0,0,0,0,1
280,280,3780000,4820,1,2,1,0,0,0,1
281,281,3780000,3420,1,2,1,0,1,0,1
282,282,3780000,3600,1,1,1,0,0,0,1
283,283,3780000,5830,1,1,1,0,2,0,0
284,284,3780000,2856,1,3,1,0,0,1,2
285,285,3780000,8400,1,1,1,0,1,0,2
286,286,3773000,8250,1,1,1,0,2,0,2
287,287,3773000,2520,2,1,0,1,1,0,2
288,288,4319000,4032,1,1,1,0,0,0,2
289,289,3773000,6930,1,2,0,0,1,0,2
290,290,3745000,3480,1,1,1,0,0,1,1
291,291,3710000,3600,1,1,1,0,1,0,0
292,292,3710000,4040,1,1,1,0,0,0,1
293,293,3710000,6020,1,1,1,0,0,0,1
294,294,3710000,4050,1,1,1,0,0,0,2
295,295,3710000,3584,1,1,1,0,0,0,1
296,296,3703000,3120,1,2,0,0,0,0,1
297,297,3703000,5450,1,1,1,0,0,0,2
298,298,3675000,3630,1,1,1,0,0,0,2
299,299,3675000,3630,1,1,1,1,0,0,0
300,300,3675000,5640,1,1,0,0,0,0,1
301,301,3675000,3600,1,1,1,0,0,0,2
302,302,3640000,4280,1,1,1,1,2,0,1
303,303,3640000,3570,1,2,1,0,0,0,1
304,304,3640000,3180,1,2,0,0,0,0,1
305,305,3640000,3000,1,2,1,1,0,0,2
306,306,3640000,3520,2,1,1,0,0,0,1
307,307,3640000,5960,1,2,1,0,0,0,0
308,308,3640000,4130,2,2,1,0,2,0,1
309,309,3640000,2850,2,2,0,0,0,1,0
310,310,3640000,2275,1,3,1,1,0,1,1
311,311,3633000,3520,1,1,1,0,2,1,0
312,312,3605000,4500,1,1,1,0,0,0,1
313,313,3605000,4000,1,1,1,0,0,1,1
314,314,3570000,3150,1,2,1,0,0,0,2
315,315,3570000,4500,2,2,1,0,2,0,2
316,316,3570000,4500,1,1,0,0,0,0,2
317,317,3570000,3640,1,1,1,0,0,0,0
318,318,3535000,3850,1,1,1,0,2,0,0
319,319,3500000,4240,1,2,1,1,0,0,1
320,320,3500000,3650,1,2,1,0,0,0,0
321,321,3500000,4600,1,2,1,0,0,0,1
322,322,3500000,2135,2,2,0,0,0,0,0
323,323,3500000,3036,1,2,1,0,0,0,1
324,324,7490000,6600,1,4,1,1,3,1,2
325,325,3500000,3990,1,2,1,0,0,0,1
326,326,3500000,7424,1,1,0,0,0,0,0
327,327,3500000,3480,1,1,0,1,0,0,0
328,328,3500000,3600,1,2,1,0,1,0,0
329,329,3500000,3640,1,1,1,0,1,0,1
330,330,3500000,5900,1,1,1,0,1,0,2
331,331,3500000,3120,1,2,1,0,1,0,0
332,332,3500000,7350,1,1,1,0,1,0,1
333,333,3500000,3512,1,1,1,0,1,1,0
334,334,3500000,9500,1,2,1,0,3,1,0
335,335,3500000,5880,1,1,1,0,0,0,0
336,336,3500000,12944,1,1,1,0,0,0,0
337,337,3493000,4900,1,2,0,0,0,0,0
338,338,3465000,3060,1,1,1,0,0,0,0
339,339,3465000,5320,1,1,1,0,1,1,0
340,340,3465000,2145,1,3,1,0,0,1,2
341,341,3430000,4000,1,1,1,0,0,0,0
342,342,3430000,3185,1,1,1,0,2,0,0
343,343,3430000,3850,1,1,1,0,0,0,0
344,344,3430000,2145,1,3,1,0,0,1,2
345,345,3430000,2610,1,2,1,0,0,1,0
346,346,3430000,1950,2,2,1,0,0,1,0
347,347,3423000,4040,1,1,1,0,0,0,0
348,348,3395000,4785,1,2,1,1,1,0,2
349,349,3395000,3450,1,1,1,0,2,0,0
350,350,3395000,3640,1,1,1,0,0,0,2
351,351,3360000,3500,1,2,1,1,2,0,0
352,352,3360000,4960,1,3,0,0,0,0,1
353,353,3360000,4120,1,2,1,0,0,0,0
354,354,3360000,4750,1,1,1,0,0,0,0
355,355,3360000,3720,1,1,0,1,0,0,0
356,356,3360000,3750,1,1,1,0,0,0,0
357,357,3360000,3100,1,2,0,0,0,0,1
358,358,3360000,3185,1,1,1,0,2,0,2
359,359,3353000,2700,1,1,0,0,0,0,2
360,360,3332000,2145,1,2,1,0,0,1,2
361,361,3325000,4040,1,1,1,0,1,0,0
362,362,3325000,4775,1,2,1,0,0,0,0
363,363,3290000,2500,1,1,0,1,0,0,0
364,364,3290000,3180,1,2,1,1,0,0,0
365,365,3290000,6060,1,1,1,0,0,0,2
366,366,3290000,3480,1,2,0,0,1,0,1
367,367,3290000,3792,1,2,1,0,0,0,1
368,368,3290000,4040,1,1,1,0,0,0,0
369,369,3290000,2145,1,2,1,0,0,1,2
370,370,3290000,5880,1,1,1,0,1,0,0
371,371,3255000,4500,1,1,0,0,0,0,1
372,372,3255000,3930,1,1,0,0,0,0,0
373,373,3234000,3640,1,2,1,0,0,0,0
374,374,3220000,4370,1,2,1,0,0,0,0
375,375,3220000,2684,1,1,1,1,1,0,0
376,376,3220000,4320,1,1,0,0,1,0,0
377,377,3220000,3120,1,2,0,0,0,0,2
378,378,3150000,3450,1,1,1,0,0,0,2
379,379,3150000,3986,2,1,0,0,1,0,0
380,380,3150000,3500,1,1,0,0,0,0,1
381,381,3150000,4095,1,1,1,0,2,0,1
382,382,3150000,1650,1,2,0,0,0,0,0
383,383,3150000,3450,1,2,1,0,0,0,1
384,384,3150000,6750,1,1,1,0,0,0,1
385,385,3150000,9000,1,2,1,0,2,0,1
386,386,3150000,3069,1,1,1,0,1,0,0
387,387,3143000,4500,1,2,1,1,0,0,0
388,388,3129000,5495,1,1,1,0,0,0,0
389,389,3118850,2398,1,1,1,0,0,1,1
390,390,3080000,2160,1,2,0,0,0,0,1
391,391,3080000,3090,1,1,1,0,0,0,0
392,392,3080000,4500,1,2,1,0,1,0,1
393,393,3045000,3800,1,1,1,0,0,0,0
394,394,3010000,3090,1,2,0,0,0,0,1
395,395,3010000,3240,1,2,1,0,2,0,1
396,396,3010000,2835,1,1,1,0,0,0,1
397,397,3010000,4600,1,1,1,0,0,0,2
398,398,3010000,5076,1,1,0,0,0,0,0
399,399,3010000,3750,1,2,1,0,0,0,0
400,400,3010000,3630,1,2,1,0,3,0,1
401,401,3003000,8050,1,1,1,0,0,0,0
402,402,2975000,4352,1,2,0,0,1,0,0
403,403,2961000,3000,1,2,1,0,0,0,1
404,404,7455000,4300,2,2,1,0,1,0,0
405,405,7420000,7440,2,1,1,1,0,1,1
406,406,7420000,7440,2,4,1,0,1,1,0
407,407,7420000,6325,1,4,1,1,1,0,0
408,408,7350000,6000,2,4,1,1,1,0,2
409,409,7350000,5150,2,4,1,1,2,0,1
410,410,7350000,6000,2,2,1,1,1,0,1
411,411,7350000,6000,1,2,1,1,1,0,0
412,412,2940000,5850,1,2,1,0,1,0,0
413,413,2940000,4960,1,1,1,0,0,0,0
414,414,2940000,3600,1,2,0,0,1,0,0
415,415,2940000,3660,1,2,0,0,0,0,0
416,416,2940000,3480,1,2,0,0,1,0,1
417,417,2940000,2700,1,1,0,0,0,0,2
418,418,2940000,3150,1,2,0,0,0,0,0
419,419,2940000,6615,1,2,1,0,0,0,1
420,420,2870000,3040,1,1,0,0,0,0,0
421,421,2870000,3630,1,1,1,0,0,0,0
422,422,2870000,6000,1,1,1,0,0,0,1
423,423,2870000,5400,1,2,1,0,0,0,0
424,424,2852500,5200,1,3,1,0,0,0,0
425,425,2835000,3300,1,2,0,0,1,0,1
426,426,2835000,4350,1,2,0,0,1,0,0
427,427,2835000,2640,1,1,0,0,1,0,2
428,428,2800000,2650,1,2,1,0,1,0,0
429,429,2800000,3960,1,1,1,0,0,0,2
430,430,2730000,6800,1,1,1,0,0,0,0
431,431,2730000,4000,1,2,1,0,1,0,0
432,432,2695000,4000,1,1,1,0,0,0,0
433,433,2660000,3934,1,1,1,0,0,0,0
434,434,2660000,2000,1,2,1,0,0,0,1
435,435,2660000,3630,3,2,0,0,0,0,0
436,436,2660000,2800,1,1,1,0,0,0,0
437,437,2660000,2430,1,1,0,0,0,0,0
438,438,2660000,3480,1,1,1,0,1,0,1
439,439,2660000,4000,1,1,1,0,0,0,1
440,440,2653000,3185,1,1,1,1,0,0,0
441,441,2653000,4000,1,2,1,1,0,0,0
442,442,2604000,2910,1,1,0,0,0,0,0
443,443,2590000,3600,1,1,1,0,0,0,0
444,444,2590000,4400,1,1,1,0,0,0,0
445,445,2590000,3600,2,2,1,0,1,0,2
446,446,2520000,2880,1,1,0,0,0,0,0
447,447,2520000,3180,1,1,0,0,0,0,0
448,448,2520000,3000,1,2,1,0,0,0,2
449,449,8043000,7482,2,3,1,0,1,1,2
450,450,7980000,9000,2,4,1,1,2,0,2
451,451,7962500,6000,1,4,1,1,2,0,0
452,452,7910000,6000,2,4,1,1,1,0,1
453,453,7875000,6550,1,2,1,1,0,1,2
454,454,7840000,6360,2,4,1,1,0,1,2
455,455,7700000,6480,2,4,1,1,2,0,0
456,456,7700000,6000,2,4,1,0,2,0,1
457,457,7560000,6000,2,4,1,1,1,0,2
458,458,9100000,6600,2,2,1,1,1,1,0
459,459,8960000,8500,2,4,1,1,2,0,2
460,460,8890000,4600,2,2,1,1,2,0,2
461,461,8855000,6420,2,2,1,1,1,1,1
462,462,8750000,4320,1,2,1,0,2,0,1
463,463,8680000,7155,2,1,1,1,2,0,0
464,464,8645000,8050,1,1,1,1,1,0,2
465,465,8645000,4560,2,2,1,1,1,0,2
466,466,8575000,8800,2,2,1,1,2,0,2
467,467,7343000,11440,1,2,1,0,1,1,1
468,468,13300000,7420,2,3,1,1,2,1,2
469,469,12250000,8960,4,4,1,1,3,0,2
470,470,12250000,9960,2,2,1,0,2,1,1
471,471,12215000,7500,2,2,1,1,3,1,2
472,472,11410000,7420,1,2,1,1,2,0,2
473,473,10850000,7500,3,1,1,1,2,1,1
474,474,10150000,8580,3,4,1,1,2,1,1
475,475,10150000,16200,3,2,1,0,0,0,0
476,476,6160000,5450,2,1,1,1,0,1,1
477,477,6125000,6420,1,3,1,0,0,1,0
478,478,6107500,3240,1,3,1,0,1,0,1
479,479,6090000,6615,2,2,1,0,1,0,1
480,480,6090000,6600,1,1,1,0,2,1,1
481,481,6090000,8372,1,3,1,1,2,0,0
482,482,6083000,4300,2,2,1,0,0,0,2
483,483,6083000,9620,1,1,1,0,2,1,2
484,484,6020000,6800,1,1,1,0,2,0,2
485,485,6020000,8000,1,1,1,1,2,1,1
486,486,6020000,6900,2,1,1,0,0,1,0
487,487,5950000,3700,1,2,1,1,0,0,2
488,488,5950000,6420,1,1,1,1,0,1,2
489,489,5950000,7020,1,1,1,1,2,1,1
490,490,5950000,6540,1,1,1,0,2,1,2
491,491,5950000,7231,1,2,1,1,0,1,1
492,492,5950000,6254,2,1,1,0,1,1,1
493,493,5950000,7320,2,2,1,0,0,0,2
494,494,8540000,6540,2,2,1,1,2,1,2
495,495,8463000,6000,2,4,1,1,0,1,1
496,496,8400000,8875,1,1,1,0,1,0,1
497,497,8400000,7950,2,2,1,0,2,0,0
498,498,8400000,5500,2,2,1,1,1,1,1
499,499,8400000,7475,2,4,1,1,2,0,0
500,500,8400000,7000,1,4,1,1,2,0,1
501,501,7560000,6000,2,3,1,1,0,0,1
502,502,7525000,6000,2,4,1,1,1,0,2
503,503,2485000,4400,1,2,1,0,0,0,0
504,504,2485000,3000,1,2,0,0,0,0,1
505,505,2450000,3210,1,2,1,0,0,0,0
506,506,2450000,3240,1,1,0,0,1,0,0
507,507,2450000,3000,1,1,1,0,1,0,0
508,508,2450000,3500,1,1,1,0,0,0,0
509,509,2450000,4840,1,2,1,0,0,0,0
510,510,2450000,7700,1,1,1,0,0,0,0
511,511,2408000,3635,1,1,0,0,0,0,0
512,512,2380000,2475,1,2,1,0,0,0,2
513,513,2380000,2787,2,2,1,0,0,0,2
514,514,2380000,3264,1,1,1,0,0,0,0
515,515,1750000,3850,1,2,1,0,0,0,0
516,516,7245000,9000,2,4,1,1,1,1,2
517,517,7210000,7680,2,4,1,1,1,0,1
518,518,7210000,6000,2,4,1,1,1,0,2
519,519,7140000,6000,2,2,1,0,1,0,1
520,520,7070000,8880,1,1,1,1,1,0,1
521,521,7070000,6240,2,2,1,1,1,0,2
522,522,7035000,6360,2,3,1,1,2,1,2
523,523,7000000,11175,1,1,1,1,1,1,2
524,524,6930000,8880,2,2,1,1,1,0,2
525,525,6930000,13200,1,1,1,0,1,0,2
526,526,6895000,7700,2,1,1,0,2,0,0
527,527,6860000,6000,1,1,1,1,1,0,2
528,528,6790000,12090,2,2,1,0,2,1,2
529,529,6790000,4000,2,2,1,1,0,1,1
530,530,6755000,6000,2,4,1,1,0,0,0
531,531,6720000,5020,1,4,1,1,0,1,0
532,532,6685000,6600,2,4,1,0,0,1,2
533,533,6650000,4040,1,2,1,0,1,0,2
534,534,6650000,4260,2,2,1,0,0,0,1
535,535,6650000,6420,2,3,1,1,0,1,2
536,536,8295000,4880,2,2,1,1,1,1,2
537,537,8190000,5960,3,2,1,0,1,0,0
538,538,8120000,6840,1,2,1,1,1,0,2
539,539,8080940,7000,2,4,1,1,2,0,2
540,540,3115000,3000,1,1,0,1,0,0,0
541,541,3115000,3850,1,2,1,0,0,0,0
542,542,3115000,3500,1,1,1,0,0,0,0
543,543,3087000,8100,1,1,1,0,1,0,0
544,544,3080000,4960,1,1,1,1,0,0,0
