,price,area,bedrooms,bathrooms,stories,mainroad,guestroom,basement,hotwaterheating,airconditioning,parking,prefarea,furnishingstatus
0,9870000,8100,4,1,2,1,1,1,0,1,2,1,2
1,9800000,5750,3,2,4,1,1,0,0,1,1,1,0
2,9800000,13200,3,1,2,1,0,1,0,1,2,1,2
3,9681000,6000,4,3,2,1,1,1,1,0,2,0,1
4,9310000,6550,4,2,2,1,0,0,0,1,1,1,1
5,9240000,3500,4,2,2,1,0,0,1,0,2,0,2
6,9240000,7800,3,2,2,1,0,0,0,0,0,1,1
7,9100000,6000,4,1,2,1,0,1,0,0,2,0,1
8,6650000,6500,3,2,3,1,0,0,0,1,0,1,2
9,6650000,5700,3,1,1,1,1,1,0,1,2,1,2
10,6650000,6000,3,2,3,1,1,0,0,1,0,0,2
11,6629000,6000,3,1,2,1,0,0,1,0,1,1,1
12,6615000,4000,3,2,2,1,0,1,0,1,1,0,1
13,6615000,10500,3,2,1,1,0,1,0,1,1,1,2
14,6580000,6000,3,2,4,1,0,0,0,1,0,0,1
15,6510000,3760,3,1,2,1,0,0,1,0,2,0,1
16,6510000,8250,3,2,3,1,0,0,0,1,0,0,2
17,6510000,6670,3,1,3,1,0,1,0,0,0,1,0
18,6475000,3960,3,1,1,1,0,1,0,0,2,0,1
19,6475000,7410,3,1,1,1,1,1,0,1,2,1,0
20,6440000,8580,5,3,2,1,0,0,0,0,2,0,2
21,6440000,5000,3,1,2,1,0,0,0,1,0,0,1
22,2345000,3640,2,1,1,1,0,0,0,0,0,0,0
23,2310000,3180,2,1,1,1,0,0,0,0,0,0,0
24,2275000,1836,2,1,1,0,0,1,0,0,0,0,1
25,2275000,3970,1,1,1,0,0,0,0,0,0,0,0
26,2275000,3970,3,1,2,1,0,1,0,0,0,0,0
27,2240000,1950,3,1,1,0,0,0,1,0,0,0,0
28,2233000,5300,3,1,1,0,0,0,0,1,0,1,0
29,2135000,3000,2,1,1,0,0,0,0,0,0,0,0
30,2100000,2400,3,1,2,1,0,0,0,0,0,0,0
31,2100000,3000,4,1,2,1,0,0,0,0,0,0,0
32,2100000,3360,2,1,1,1,0,0,0,0,1,0,0
33,1960000,3420,5,1,2,0,0,0,0,0,0,0,0
34,1890000,1700,3,1,2,1,0,0,0,0,0,0,0
35,1890000,3649,2,1,1,1,0,0,0,0,0,0,0
36,1855000,2990,2,1,1,0,0,0,0,0,1,0,0
37,1820000,3000,2,1,1,1,0,1,0,0,2,0,0
38,1767150,2400,3,1,1,0,0,0,0,0,0,0,1
39,1750000,3620,2,1,1,1,0,0,0,0,0,0,0
40,1750000,2910,3,1,1,0,0,0,0,0,0,0,2
41,6419000,6750,2,1,1,1,1,1,0,0,2,1,2
42,6405000,4800,3,2,4,1,1,0,0,1,0,0,2
43,6300000,7200,3,2,1,1,0,1,0,1,3,0,1
44,6300000,6000,4,2,4,1,0,0,0,0,1,0,1
45,6300000,4100,3,2,3,1,0,0,0,1,2,0,1
46,6300000,9000,3,1,1,1,0,1,0,0,1,1,2
47,6300000,6400,3,1,1,1,1,1,0,1,1,1,1
48,6293000,6600,3,2,3,1,0,0,0,1,0,1,0
49,6265000,6000,4,1,3,1,1,1,0,0,0,1,0
50,6230000,6600,3,2,1,1,0,1,0,1,0,1,0
51,6230000,5500,3,1,3,1,0,0,0,0,1,1,0
52,6195000,5500,3,2,4,1,1,0,0,1,1,0,1
53,6195000,6350,3,2,3,1,1,0,0,1,0,0,2
54,6195000,5500,3,2,1,1,1,1,0,0,2,1,2
55,6160000,4500,3,1,4,1,0,0,0,1,0,0,0
56,5950000,6525,3,2,4,1,0,0,0,0,1,0,2
57,5943000,15600,3,1,1,1,0,0,0,1,2,0,1
58,5880000,7160,3,1,1,1,0,1,0,0,2,1,0
59,5880000,6500,3,2,3,1,0,0,0,1,0,0,0
60,5873000,5500,3,1,3,1,1,0,0,1,1,0,2
61,5873000,11460,3,1,3,1,0,0,0,0,2,1,1
62,5866000,4800,3,1,1,1,1,1,0,0,0,0,0
63,5810000,5828,4,1,4,1,1,0,0,0,0,0,1
64,5810000,5200,3,1,3,1,0,0,0,1,0,0,1
65,5810000,4800,3,1,3,1,0,0,0,1,0,0,0
66,5803000,7000,3,1,1,1,0,1,0,0,2,1,1
67,5775000,6000,3,2,4,1,0,0,0,1,0,0,0
68,5740000,5400,4,2,2,1,0,0,0,1,2,0,0
69,5740000,4640,4,1,2,1,0,0,0,0,1,0,1
70,5740000,5000,3,1,3,1,0,0,0,1,0,0,1
71,5740000,6360,3,1,1,1,1,1,0,1,2,1,2
72,5740000,5800,3,2,4,1,0,0,0,1,0,0,0
73,5652500,6660,4,2,2,1,1,1,0,0,1,1,1
74,5600000,10500,4,2,2,1,0,0,0,0,1,0,1
75,5600000,4800,5,2,3,0,0,1,1,0,0,0,0
76,5600000,4700,4,1,2,1,1,1,0,1,1,0,2
77,5600000,5000,3,1,4,1,0,0,0,0,0,0,2
78,5600000,10500,2,1,1,1,0,0,0,0,1,0,1
79,5600000,5500,3,2,2,1,0,0,0,0,1,0,1
80,5600000,6360,3,1,3,1,0,0,0,0,0,1,1
81,5600000,6600,4,2,1,1,0,1,0,0,0,1,1
82,5600000,5136,3,1,2,1,1,1,0,1,0,1,0
83,5565000,4400,4,1,2,1,0,0,0,1,2,1,1
84,5565000,5400,5,1,2,1,1,1,0,1,0,1,2
85,5530000,3300,3,3,2,1,0,1,0,0,0,0,1
86,5530000,3650,3,2,2,1,0,0,0,0,2,0,1
87,5530000,6100,3,2,1,1,0,1,0,0,2,1,2
88,5523000,6900,3,1,1,1,1,1,0,0,0,1,1
89,5495000,2817,4,2,2,0,1,1,0,0,1,0,2
90,5495000,7980,3,1,1,1,0,0,0,0,2,0,1
91,5460000,3150,3,2,1,1,1,1,0,1,0,0,2
92,5460000,6210,4,1,4,1,1,0,0,1,0,0,2
93,5460000,6100,3,1,3,1,1,0,0,1,0,1,1
94,5460000,6600,4,2,2,1,1,1,0,0,0,1,1
95,5425000,6825,3,1,1,1,1,1,0,1,0,1,1
96,5390000,6710,3,2,2,1,1,1,0,0,1,1,2
97,5383000,6450,3,2,1,1,1,1,1,0,0,0,0
98,5320000,7800,3,1,1,1,0,1,0,1,2,1,0
99,5285000,4600,2,2,1,1,0,0,0,1,2,0,1
100,5250000,4260,4,1,2,1,0,1,0,1,0,0,2
101,5250000,6540,4,2,2,0,0,0,0,1,0,0,1
102,5250000,5500,3,2,1,1,0,1,0,0,0,0,1
103,5250000,10269,3,1,1,1,0,0,0,0,1,1,1
104,5250000,8400,3,1,2,1,1,1,0,1,2,1,0
105,5250000,5300,4,2,1,1,0,0,0,1,0,1,0
106,5250000,3800,3,1,2,1,1,1,0,0,1,1,0
107,5250000,9800,4,2,2,1,1,0,0,0,2,0,1
108,5250000,8520,3,1,1,1,0,0,0,1,2,0,2
109,5243000,6050,3,1,1,1,0,1,0,0,0,1,1
110,5229000,7085,3,1,1,1,1,1,0,0,2,1,1
111,5215000,3180,3,2,2,1,0,0,0,0,2,0,1
112,5215000,4500,4,2,1,0,0,1,0,1,2,0,1
113,5215000,7200,3,1,2,1,1,1,0,0,1,1,2
114,5145000,3410,3,1,2,0,0,0,0,1,0,0,1
115,5145000,7980,3,1,1,1,0,0,0,0,1,1,1
116,5110000,3000,3,2,2,1,1,1,0,0,0,0,2
117,5110000,3000,3,1,2,1,0,1,0,0,0,0,0
118,5110000,11410,2,1,2,1,0,0,0,0,0,1,2
119,5110000,6100,3,1,1,1,0,1,0,1,0,1,1
120,5075000,5720,2,1,2,1,0,0,0,1,0,1,0
121,5040000,3540,2,1,1,0,1,1,0,0,0,0,1
122,5040000,7600,4,1,2,1,0,0,0,1,2,0,2
123,5040000,10700,3,1,2,1,1,1,0,0,0,0,1
124,5040000,6600,3,1,1,1,1,1,0,0,0,1,2
125,5033000,4800,2,1,1,1,1,1,0,0,0,0,1
126,5005000,8150,3,2,1,1,1,1,0,0,0,0,1
127,4970000,4410,4,3,2,1,0,1,0,0,2,0,1
128,4970000,7686,3,1,1,1,1,1,1,0,0,0,1
129,4956000,2800,3,2,2,0,0,1,0,1,1,0,1
130,4935000,5948,3,1,2,1,0,0,0,1,0,0,1
131,4907000,4200,3,1,2,1,0,0,0,0,1,0,2
132,4900000,4520,3,1,2,1,0,1,0,1,0,0,1
133,4900000,4095,3,1,2,0,1,1,0,1,0,0,1
134,4900000,4120,2,1,1,1,0,1,0,0,1,0,1
135,4900000,5400,4,1,2,1,0,0,0,0,0,0,1
136,4900000,4770,3,1,1,1,1,1,0,0,0,0,1
137,4900000,6300,3,1,1,1,0,0,0,1,2,0,1
138,4900000,5800,2,1,1,1,1,1,0,1,0,0,1
139,4900000,3000,3,1,2,1,0,1,0,1,0,0,1
140,4900000,2970,3,1,3,1,0,0,0,0,0,0,1
141,4900000,6720,3,1,1,1,0,0,0,0,0,0,0
142,4900000,4646,3,1,2,1,1,1,0,0,2,0,1
143,4900000,12900,3,1,1,1,0,0,0,0,2,0,2
144,4893000,3420,4,2,2,1,0,1,0,1,2,0,1
145,4893000,4995,4,2,1,1,0,1,0,0,0,0,1
146,4865000,4350,2,1,1,1,0,1,0,0,0,0,0
147,4830000,4160,3,1,3,1,0,0,0,0,0,0,0
148,4830000,6040,3,1,1,1,0,0,0,0,2,1,1
149,4830000,6862,3,1,2,1,0,0,0,1,2,1,2
150,4830000,4815,2,1,1,1,0,0,0,1,0,1,1
151,4795000,7000,3,1,2,1,0,1,0,0,0,0,0
152,4795000,8100,4,1,4,1,0,1,0,1,2,0,1
153,4767000,3420,4,2,2,1,0,0,0,0,0,0,1
154,4760000,9166,2,1,1,1,0,1,0,1,2,0,1
155,4760000,6321,3,1,2,1,0,1,0,1,1,0,2
156,4760000,10240,2,1,1,1,0,0,0,1,2,1,0
157,4753000,6440,2,1,1,1,0,0,0,1,3,0,1
158,4690000,5170,3,1,4,1,0,0,0,1,0,0,1
159,4690000,6000,2,1,1,1,0,1,0,1,1,0,2
160,4690000,3630,3,1,2,1,0,0,0,0,2,0,1
161,4690000,9667,4,2,2,1,1,1,0,0,1,0,1
162,4690000,5400,2,1,2,1,0,0,0,0,0,1,1
163,4690000,4320,3,1,1,1,0,0,0,0,0,1,1
164,4655000,3745,3,1,2,1,0,1,0,0,0,0,2
165,4620000,4160,3,1,1,1,1,1,0,1,0,0,0
166,4620000,3880,3,2,2,1,0,1,0,0,2,0,1
167,4620000,5680,3,1,2,1,1,0,0,1,1,0,1
168,4620000,2870,2,1,2,1,1,1,0,0,0,1,1
169,4620000,5010,3,1,2,1,0,1,0,0,0,0,1
170,4613000,4510,4,2,2,1,0,1,0,0,0,0,1
171,4585000,4000,3,1,2,1,0,0,0,0,1,0,2
172,4585000,3840,3,1,2,1,0,0,0,0,1,1,1
173,4550000,3760,3,1,1,1,0,0,0,0,2,0,1
174,4550000,3640,3,1,2,1,0,0,0,1,0,0,2
175,4550000,2550,3,1,2,1,0,1,0,0,0,0,2
176,4550000,5320,3,1,2,1,1,1,0,0,0,1,1
177,4550000,5360,3,1,2,1,0,0,0,0,2,1,0
178,4550000,3520,3,1,1,1,0,0,0,0,0,1,1
179,4550000,8400,4,1,4,1,0,0,0,0,3,0,0
180,4543000,4100,2,2,1,1,1,1,0,0,0,0,1
181,4543000,4990,4,2,2,1,1,1,0,0,0,1,2
182,4515000,3510,3,1,3,1,0,0,0,0,0,0,1
183,4515000,3450,3,1,2,1,0,1,0,0,1,0,1
184,4515000,9860,3,1,1,1,0,0,0,0,0,0,1
185,4515000,3520,2,1,2,1,0,0,0,0,0,1,2
186,4480000,4510,4,1,2,1,0,0,0,1,2,0,1
187,4480000,5885,2,1,1,1,0,0,0,1,1,0,0
188,4480000,4000,3,1,2,1,0,0,0,0,2,0,2
189,4480000,8250,3,1,1,1,0,0,0,0,0,0,2
190,4480000,4040,3,1,2,1,0,0,0,0,1,0,1
191,4473000,6360,2,1,1,1,0,1,0,1,1,0,2
192,4473000,3162,3,1,2,1,0,0,0,1,1,0,2
193,4473000,3510,3,1,2,1,0,0,0,0,0,0,1
194,4445000,3750,2,1,1,1,1,1,0,0,0,0,1
195,4410000,3968,3,1,2,0,0,0,0,0,0,0,1
196,4410000,4900,2,1,2,1,0,1,0,0,0,0,1
197,4403000,2880,3,1,2,1,0,0,0,0,0,1,1
198,4403000,4880,3,1,1,1,0,0,0,0,2,1,0
199,4403000,4920,3,1,2,1,0,0,0,0,1,0,1
200,4382000,4950,4,1,2,1,0,0,0,1,0,0,1
201,4375000,3900,3,1,2,1,0,0,0,0,0,0,0
202,4340000,4500,3,2,3,1,0,0,1,0,1,0,2
203,4340000,1905,5,1,2,0,0,1,0,0,0,0,1
204,4340000,4075,3,1,1,1,1,1,0,0,2,0,1
205,4340000,3500,4,1,2,1,0,0,0,0,2,0,2
206,4340000,6450,4,1,2,1,0,0,0,0,0,0,1
207,4305000,4400,2,1,1,1,0,0,0,0,1,0,1
208,4305000,10360,2,1,1,1,0,0,0,0,1,1,1
209,4277000,3400,3,1,2,1,0,1,0,0,2,1,1
210,4270000,6360,2,1,1,1,0,0,0,0,0,0,2
211,4270000,6360,2,1,2,1,0,0,0,0,0,0,0
212,4270000,4500,2,1,1,1,0,0,0,1,2,0,2
213,4270000,2175,3,1,2,0,1,1,0,1,0,0,0
214,4270000,4360,4,1,2,1,0,0,0,0,0,0,2
215,4270000,7770,2,1,1,1,0,0,0,0,1,0,2
216,4235000,6650,3,1,2,1,1,0,0,0,0,0,1
217,4235000,2787,3,1,1,1,0,1,0,0,0,1,2
218,4200000,5500,3,1,2,1,0,0,0,1,0,0,0
219,4200000,5040,3,1,2,1,0,1,0,1,0,0,0
220,4200000,5850,2,1,1,1,1,1,0,0,2,0,1
221,4200000,2610,4,3,2,0,0,0,0,0,0,0,1
222,4200000,2953,3,1,2,1,0,1,0,1,0,0,0
223,4200000,2747,4,2,2,0,0,0,0,0,0,0,1
224,4200000,4410,2,1,1,0,0,0,0,0,1,0,0
225,4200000,4000,4,2,2,0,0,0,0,0,0,0,1
226,4200000,2325,3,1,2,0,0,0,0,0,0,0,1
227,4200000,4600,3,2,2,1,0,0,0,1,1,0,1
228,4200000,3640,3,2,2,1,0,1,0,0,0,0,0
229,4200000,5800,3,1,1,1,0,0,1,0,2,0,1
230,4200000,7000,3,1,1,1,0,0,0,0,3,0,2
231,4200000,4079,3,1,3,1,0,0,0,0,0,0,1
232,4200000,3520,3,1,2,1,0,0,0,0,0,1,1
233,4200000,2145,3,1,3,1,0,0,0,0,1,1,0
234,4200000,4500,3,1,1,1,0,1,0,0,0,0,2
235,4193000,8250,3,1,1,1,0,1,0,0,3,0,1
236,4193000,3450,3,1,2,1,0,0,0,0,1,0,1
237,4165000,4840,3,1,2,1,0,0,0,0,1,0,1
238,4165000,4080,3,1,2,1,0,0,0,0,2,0,1
239,4165000,4046,3,1,2,1,0,1,0,0,1,0,1
240,4130000,4632,4,1,2,1,0,0,0,1,0,0,1
241,4130000,5985,3,1,1,1,0,1,0,0,0,0,1
242,4123000,6060,2,1,1,1,0,1,0,0,1,0,1
243,4098500,3600,3,1,1,1,0,1,0,1,0,1,2
244,4095000,3680,3,2,2,1,0,0,0,0,0,0,1
245,4095000,4040,2,1,2,1,0,0,0,0,1,0,1
246,4095000,5600,2,1,1,1,0,0,0,1,0,0,1
247,4060000,5900,4,2,2,0,0,1,0,0,1,0,0
248,4060000,4992,3,2,2,1,0,0,0,0,2,0,0
249,4060000,4340,3,1,1,1,0,0,0,0,0,0,1
250,4060000,3000,4,1,3,1,0,1,0,1,2,0,1
251,4060000,4320,3,1,2,1,0,0,0,0,2,1,2
252,4025000,3630,3,2,2,1,0,0,1,0,2,0,1
253,4025000,3460,3,2,1,1,0,1,0,1,1,0,2
254,4025000,5400,3,1,1,1,0,0,0,0,3,0,1
255,4007500,4500,3,1,2,0,0,1,0,1,0,0,1
256,4007500,3460,4,1,2,1,0,0,0,1,0,0,1
257,3990000,4100,4,1,1,0,0,1,0,0,0,0,0
258,3990000,6480,3,1,2,0,0,0,0,1,1,0,1
259,3990000,4500,3,2,2,0,0,1,0,1,0,0,1
260,3990000,3960,3,1,2,1,0,0,0,0,0,0,2
261,3990000,4050,2,1,2,1,1,1,0,0,0,1,0
262,3920000,7260,3,2,1,1,1,1,0,0,3,0,2
263,3920000,5500,4,1,2,1,1,1,0,0,0,0,1
264,3920000,3000,3,1,2,1,0,0,0,0,0,0,1
265,3920000,3290,2,1,1,1,0,0,1,0,1,0,2
266,3920000,3816,2,1,1,1,0,1,0,1,2,0,2
267,3920000,8080,3,1,1,1,0,0,0,1,2,0,1
268,3920000,2145,4,2,1,1,0,1,0,0,0,1,0
269,3885000,3780,2,1,2,1,1,1,0,0,0,0,1
270,3885000,3180,4,2,2,1,0,0,0,0,0,0,2
271,3850000,5300,5,2,2,1,0,0,0,0,0,0,1
272,3850000,3180,2,2,1,1,0,1,0,0,2,0,1
273,3850000,7152,3,1,2,1,0,0,0,1,0,0,2
274,3850000,4080,2,1,1,1,0,0,0,0,0,0,1
275,3850000,3850,2,1,1,1,0,0,0,0,0,0,1
276,3850000,2015,3,1,2,1,0,1,0,0,0,1,1
277,3850000,2176,2,1,2,1,1,0,0,0,0,1,1
278,3836000,3350,3,1,2,1,0,0,0,0,0,0,0
279,3815000,3150,2,2,1,0,0,1,0,0,0,0,1
280,3780000,4820,3,1,2,1,0,0,0,0,0,0,1
281,3780000,3420,2,1,2,1,0,0,1,0,1,0,1
282,3780000,3600,2,1,1,1,0,0,0,0,0,0,1
283,3780000,5830,2,1,1,1,0,0,0,0,2,0,0
284,3780000,2856,3,1,3,1,0,0,0,0,0,1,2
285,3780000,8400,2,1,1,1,0,0,0,0,1,0,2
286,3773000,8250,3,1,1,1,0,0,0,0,2,0,2
287,3773000,2520,5,2,1,0,0,1,0,1,1,0,2
288,4319000,4032,2,1,1,1,0,1,0,0,0,0,2
289,3773000,6930,4,1,2,0,0,0,0,0,1,0,2
290,3745000,3480,2,1,1,1,0,0,0,0,0,1,1
291,3710000,3600,3,1,1,1,0,0,0,0,1,0,0
292,3710000,4040,2,1,1,1,0,0,0,0,0,0,1
293,3710000,6020,3,1,1,1,0,0,0,0,0,0,1
294,3710000,4050,2,1,1,1,0,0,0,0,0,0,2
295,3710000,3584,2,1,1,1,0,0,1,0,0,0,1
296,3703000,3120,3,1,2,0,0,1,1,0,0,0,1
297,3703000,5450,2,1,1,1,0,0,0,0,0,0,2
298,3675000,3630,2,1,1,1,0,1,0,0,0,0,2
299,3675000,3630,2,1,1,1,0,0,0,1,0,0,0
300,3675000,5640,2,1,1,0,0,0,0,0,0,0,1
301,3675000,3600,2,1,1,1,0,0,0,0,0,0,2
302,3640000,4280,2,1,1,1,0,0,0,1,2,0,1
303,3640000,3570,3,1,2,1,0,1,0,0,0,0,1
304,3640000,3180,3,1,2,0,0,1,0,0,0,0,1
305,3640000,3000,2,1,2,1,0,0,0,1,0,0,2
306,3640000,3520,2,2,1,1,0,1,0,0,0,0,1
307,3640000,5960,3,1,2,1,1,1,0,0,0,0,0
308,3640000,4130,3,2,2,1,0,0,0,0,2,0,1
309,3640000,2850,3,2,2,0,0,1,0,0,0,1,0
310,3640000,2275,3,1,3,1,0,0,1,1,0,1,1
311,3633000,3520,3,1,1,1,0,0,0,0,2,1,0
312,3605000,4500,2,1,1,1,0,0,0,0,0,0,1
313,3605000,4000,2,1,1,1,0,0,0,0,0,1,1
314,3570000,3150,3,1,2,1,0,1,0,0,0,0,2
315,3570000,4500,4,2,2,1,0,1,0,0,2,0,2
316,3570000,4500,2,1,1,0,0,0,0,0,0,0,2
317,3570000,3640,2,1,1,1,0,0,0,0,0,0,0
318,3535000,3850,3,1,1,1,0,0,0,0,2,0,0
319,3500000,4240,3,1,2,1,0,0,0,1,0,0,1
320,3500000,3650,3,1,2,1,0,0,0,0,0,0,0
321,3500000,4600,4,1,2,1,0,0,0,0,0,0,1
322,3500000,2135,3,2,2,0,0,0,0,0,0,0,0
323,3500000,3036,3,1,2,1,0,1,0,0,0,0,1
324,7490000,6600,3,1,4,1,0,0,0,1,3,1,2
325,3500000,3990,3,1,2,1,0,0,0,0,0,0,1
326,3500000,7424,3,1,1,0,0,0,0,0,0,0,0
327,3500000,3480,3,1,1,0,0,0,0,1,0,0,0
328,3500000,3600,6,1,2,1,0,0,0,0,1,0,0
329,3500000,3640,2,1,1,1,0,0,0,0,1,0,1
330,3500000,5900,2,1,1,1,0,0,0,0,1,0,2
331,3500000,3120,3,1,2,1,0,0,0,0,1,0,0
332,3500000,7350,2,1,1,1,0,0,0,0,1,0,1
333,3500000,3512,2,1,1,1,0,0,0,0,1,1,0
334,3500000,9500,3,1,2,1,0,0,0,0,3,1,0
335,3500000,5880,2,1,1,1,0,0,0,0,0,0,0
336,3500000,12944,3,1,1,1,0,0,0,0,0,0,0
337,3493000,4900,3,1,2,0,0,0,0,0,0,0,0
338,3465000,3060,3,1,1,1,0,0,0,0,0,0,0
339,3465000,5320,2,1,1,1,0,0,0,0,1,1,0
340,3465000,2145,3,1,3,1,0,0,0,0,0,1,2
341,3430000,4000,2,1,1,1,0,0,0,0,0,0,0
342,3430000,3185,2,1,1,1,0,0,0,0,2,0,0
343,3430000,3850,3,1,1,1,0,0,0,0,0,0,0
344,3430000,2145,3,1,3,1,0,0,0,0,0,1,2
345,3430000,2610,3,1,2,1,0,1,0,0,0,1,0
346,3430000,1950,3,2,2,1,0,1,0,0,0,1,0
347,3423000,4040,2,1,1,1,0,0,0,0,0,0,0
348,3395000,4785,3,1,2,1,1,1,0,1,1,0,2
349,3395000,3450,3,1,1,1,0,1,0,0,2,0,0
350,3395000,3640,2,1,1,1,0,0,0,0,0,0,2
351,3360000,3500,4,1,2,1,0,0,0,1,2,0,0
352,3360000,4960,4,1,3,0,0,0,0,0,0,0,1
353,3360000,4120,2,1,2,1,0,0,0,0,0,0,0
354,3360000,4750,2,1,1,1,0,0,0,0,0,0,0
355,3360000,3720,2,1,1,0,0,0,0,1,0,0,0
356,3360000,3750,3,1,1,1,0,0,0,0,0,0,0
357,3360000,3100,3,1,2,0,0,1,0,0,0,0,1
358,3360000,3185,2,1,1,1,0,1,0,0,2,0,2
359,3353000,2700,3,1,1,0,0,0,0,0,0,0,2
360,3332000,2145,3,1,2,1,0,1,0,0,0,1,2
361,3325000,4040,2,1,1,1,0,0,0,0,1,0,0
362,3325000,4775,4,1,2,1,0,0,0,0,0,0,0
363,3290000,2500,2,1,1,0,0,0,0,1,0,0,0
364,3290000,3180,4,1,2,1,0,1,0,1,0,0,0
365,3290000,6060,3,1,1,1,1,1,0,0,0,0,2
366,3290000,3480,4,1,2,0,0,0,0,0,1,0,1
367,3290000,3792,4,1,2,1,0,0,0,0,0,0,1
368,3290000,4040,2,1,1,1,0,0,0,0,0,0,0
369,3290000,2145,3,1,2,1,0,1,0,0,0,1,2
370,3290000,5880,3,1,1,1,0,0,0,0,1,0,0
371,3255000,4500,2,1,1,0,0,0,0,0,0,0,1
372,3255000,3930,2,1,1,0,0,0,0,0,0,0,0
373,3234000,3640,4,1,2,1,0,1,0,0,0,0,0
374,3220000,4370,3,1,2,1,0,0,0,0,0,0,0
375,3220000,2684,2,1,1,1,0,0,0,1,1,0,0
376,3220000,4320,3,1,1,0,0,0,0,0,1,0,0
377,3220000,3120,3,1,2,0,0,0,0,0,0,0,2
378,3150000,3450,1,1,1,1,0,0,0,0,0,0,2
379,3150000,3986,2,2,1,0,1,1,0,0,1,0,0
380,3150000,3500,2,1,1,0,0,1,0,0,0,0,1
381,3150000,4095,2,1,1,1,0,0,0,0,2,0,1
382,3150000,1650,3,1,2,0,0,1,0,0,0,0,0
383,3150000,3450,3,1,2,1,0,1,0,0,0,0,1
384,3150000,6750,2,1,1,1,0,0,0,0,0,0,1
385,3150000,9000,3,1,2,1,0,0,0,0,2,0,1
386,3150000,3069,2,1,1,1,0,0,0,0,1,0,0
387,3143000,4500,3,1,2,1,0,0,0,1,0,0,0
388,3129000,5495,3,1,1,1,0,1,0,0,0,0,0
389,3118850,2398,3,1,1,1,0,0,0,0,0,1,1
390,3080000,2160,3,1,2,0,0,1,0,0,0,0,1
391,3080000,3090,2,1,1,1,1,1,0,0,0,0,0
392,3080000,4500,2,1,2,1,0,0,1,0,1,0,1
393,3045000,3800,2,1,1,1,0,0,0,0,0,0,0
394,3010000,3090,3,1,2,0,0,0,0,0,0,0,1
395,3010000,3240,3,1,2,1,0,0,0,0,2,0,1
396,3010000,2835,2,1,1,1,0,0,0,0,0,0,1
397,3010000,4600,2,1,1,1,0,0,0,0,0,0,2
398,3010000,5076,3,1,1,0,0,0,0,0,0,0,0
399,3010000,3750,3,1,2,1,0,0,0,0,0,0,0
400,3010000,3630,4,1,2,1,0,0,0,0,3,0,1
401,3003000,8050,2,1,1,1,0,0,0,0,0,0,0
402,2975000,4352,4,1,2,0,0,0,0,0,1,0,0
403,2961000,3000,2,1,2,1,0,0,0,0,0,0,1
404,7455000,4300,3,2,2,1,0,1,0,0,1,0,0
405,7420000,7440,3,2,1,1,1,1,0,1,0,1,1
406,7420000,7440,3,2,4,1,0,0,0,0,1,1,0
407,7420000,6325,3,1,4,1,0,0,0,1,1,0,0
408,7350000,6000,4,2,4,1,1,0,0,1,1,0,2
409,7350000,5150,3,2,4,1,0,0,0,1,2,0,1
410,7350000,6000,3,2,2,1,1,0,0,1,1,0,1
411,7350000,6000,3,1,2,1,0,0,0,1,1,0,0
412,2940000,5850,3,1,2,1,0,1,0,0,1,0,0
413,2940000,4960,2,1,1,1,0,0,0,0,0,0,0
414,2940000,3600,3,1,2,0,0,0,0,0,1,0,0
415,2940000,3660,4,1,2,0,0,0,0,0,0,0,0
416,2940000,3480,3,1,2,0,0,0,0,0,1,0,1
417,2940000,2700,2,1,1,0,0,0,0,0,0,0,2
418,2940000,3150,3,1,2,0,0,0,0,0,0,0,0
419,2940000,6615,3,1,2,1,0,0,0,0,0,0,1
420,2870000,3040,2,1,1,0,0,0,0,0,0,0,0
421,2870000,3630,2,1,1,1,0,0,0,0,0,0,0
422,2870000,6000,2,1,1,1,0,0,0,0,0,0,1
423,2870000,5400,4,1,2,1,0,0,0,0,0,0,0
424,2852500,5200,4,1,3,1,0,0,0,0,0,0,0
425,2835000,3300,3,1,2,0,0,0,0,0,1,0,1
426,2835000,4350,3,1,2,0,0,0,1,0,1,0,0
427,2835000,2640,2,1,1,0,0,0,0,0,1,0,2
428,2800000,2650,3,1,2,1,0,1,0,0,1,0,0
429,2800000,3960,3,1,1,1,0,0,0,0,0,0,2
430,2730000,6800,2,1,1,1,0,0,0,0,0,0,0
431,2730000,4000,3,1,2,1,0,0,0,0,1,0,0
432,2695000,4000,2,1,1,1,0,0,0,0,0,0,0
433,2660000,3934,2,1,1,1,0,0,0,0,0,0,0
434,2660000,2000,2,1,2,1,0,0,0,0,0,0,1
435,2660000,3630,3,3,2,0,1,0,0,0,0,0,0
436,2660000,2800,3,1,1,1,0,0,0,0,0,0,0
437,2660000,2430,3,1,1,0,0,0,0,0,0,0,0
438,2660000,3480,2,1,1,1,0,0,0,0,1,0,1
439,2660000,4000,3,1,1,1,0,0,0,0,0,0,1
440,2653000,3185,2,1,1,1,0,0,0,1,0,0,0
441,2653000,4000,3,1,2,1,0,0,0,1,0,0,0
442,2604000,2910,2,1,1,0,0,0,0,0,0,0,0
443,2590000,3600,2,1,1,1,0,0,0,0,0,0,0
444,2590000,4400,2,1,1,1,0,0,0,0,0,0,0
445,2590000,3600,2,2,2,1,0,1,0,0,1,0,2
446,2520000,2880,3,1,1,0,0,0,0,0,0,0,0
447,2520000,3180,3,1,1,0,0,0,0,0,0,0,0
448,2520000,3000,2,1,2,1,0,0,0,0,0,0,2
449,8043000,7482,3,2,3,1,0,0,1,0,1,1,2
450,7980000,9000,4,2,4,1,0,0,0,1,2,0,2
451,7962500,6000,3,1,4,1,1,0,0,1,2,0,0
452,7910000,6000,4,2,4,1,0,0,0,1,1,0,1
453,7875000,6550,3,1,2,1,0,1,0,1,0,1,2
454,7840000,6360,3,2,4,1,0,0,0,1,0,1,2
455,7700000,6480,3,2,4,1,0,0,0,1,2,0,0
456,7700000,6000,4,2,4,1,0,0,0,0,2,0,1
457,7560000,6000,4,2,4,1,0,0,0,1,1,0,2
458,9100000,6600,4,2,2,1,1,1,0,1,1,1,0
459,8960000,8500,3,2,4,1,0,0,0,1,2,0,2
460,8890000,4600,3,2,2,1,1,0,0,1,2,0,2
461,8855000,6420,3,2,2,1,0,0,0,1,1,1,1
462,8750000,4320,3,1,2,1,0,1,1,0,2,0,1
463,8680000,7155,3,2,1,1,1,1,0,1,2,0,0
464,8645000,8050,3,1,1,1,1,1,0,1,1,0,2
465,8645000,4560,3,2,2,1,1,1,0,1,1,0,2
466,8575000,8800,3,2,2,1,0,0,0,1,2,0,2
467,7343000,11440,4,1,2,1,0,1,0,0,1,1,1
468,13300000,7420,4,2,3,1,0,0,0,1,2,1,2
469,12250000,8960,4,4,4,1,0,0,0,1,3,0,2
470,12250000,9960,3,2,2,1,0,1,0,0,2,1,1
471,12215000,7500,4,2,2,1,0,1,0,1,3,1,2
472,11410000,7420,4,1,2,1,1,1,0,1,2,0,2
473,10850000,7500,3,3,1,1,0,1,0,1,2,1,1
474,10150000,8580,4,3,4,1,0,0,0,1,2,1,1
475,10150000,16200,5,3,2,1,0,0,0,0,0,0,0
476,6160000,5450,4,2,1,1,0,1,0,1,0,1,1
477,6125000,6420,3,1,3,1,0,1,0,0,0,1,0
478,6107500,3240,4,1,3,1,0,0,0,0,1,0,1
479,6090000,6615,4,2,2,1,1,0,1,0,1,0,1
480,6090000,6600,3,1,1,1,1,1,0,0,2,1,1
481,6090000,8372,3,1,3,1,0,0,0,1,2,0,0
482,6083000,4300,6,2,2,1,0,0,0,0,0,0,2
483,6083000,9620,3,1,1,1,0,1,0,0,2,1,2
484,6020000,6800,2,1,1,1,1,1,0,0,2,0,2
485,6020000,8000,3,1,1,1,1,1,0,1,2,1,1
486,6020000,6900,3,2,1,1,1,1,0,0,0,1,0
487,5950000,3700,4,1,2,1,1,0,0,1,0,0,2
488,5950000,6420,3,1,1,1,0,1,0,1,0,1,2
489,5950000,7020,3,1,1,1,0,1,0,1,2,1,1
490,5950000,6540,3,1,1,1,1,1,0,0,2,1,2
491,5950000,7231,3,1,2,1,1,1,0,1,0,1,1
492,5950000,6254,4,2,1,1,0,1,0,0,1,1,1
493,5950000,7320,4,2,2,1,0,0,0,0,0,0,2
494,8540000,6540,4,2,2,1,1,1,0,1,2,1,2
495,8463000,6000,3,2,4,1,1,1,0,1,0,1,1
496,8400000,8875,3,1,1,1,0,0,0,0,1,0,1
497,8400000,7950,5,2,2,1,0,1,1,0,2,0,0
498,8400000,5500,4,2,2,1,0,1,0,1,1,1,1
499,8400000,7475,3,2,4,1,0,0,0,1,2,0,0
500,8400000,7000,3,1,4,1,0,0,0,1,2,0,1
501,7560000,6000,3,2,3,1,0,0,0,1,0,0,1
502,7525000,6000,3,2,4,1,0,0,0,1,1,0,2
503,2485000,4400,3,1,2,1,0,0,0,0,0,0,0
504,2485000,3000,3,1,2,0,0,0,0,0,0,0,1
505,2450000,3210,3,1,2,1,0,1,0,0,0,0,0
506,2450000,3240,2,1,1,0,1,0,0,0,1,0,0
507,2450000,3000,2,1,1,1,0,0,0,0,1,0,0
508,2450000,3500,2,1,1,1,1,0,0,0,0,0,0
509,2450000,4840,2,1,2,1,0,0,0,0,0,0,0
510,2450000,7700,2,1,1,1,0,0,0,0,0,0,0
511,2408000,3635,2,1,1,0,0,0,0,0,0,0,0
512,2380000,2475,3,1,2,1,0,0,0,0,0,0,2
513,2380000,2787,4,2,2,1,0,0,0,0,0,0,2
514,2380000,3264,2,1,1,1,0,0,0,0,0,0,0
515,1750000,3850,3,1,2,1,0,0,0,0,0,0,0
516,7245000,9000,4,2,4,1,1,0,0,1,1,1,2
517,7210000,7680,4,2,4,1,1,0,0,1,1,0,1
518,7210000,6000,3,2,4,1,1,0,0,1,1,0,2
519,7140000,6000,3,2,2,1,1,0,0,0,1,0,1
520,7070000,8880,2,1,1,1,0,0,0,1,1,0,1
521,7070000,6240,4,2,2,1,0,0,0,1,1,0,2
522,7035000,6360,4,2,3,1,0,0,0,1,2,1,2
523,7000000,11175,3,1,1,1,0,1,0,1,1,1,2
524,6930000,8880,3,2,2,1,0,1,0,1,1,0,2
525,6930000,13200,2,1,1,1,0,1,1,0,1,0,2
526,6895000,7700,3,2,1,1,0,0,0,0,2,0,0
527,6860000,6000,3,1,1,1,0,0,0,1,1,0,2
528,6790000,12090,4,2,2,1,0,0,0,0,2,1,2
529,6790000,4000,3,2,2,1,0,1,0,1,0,1,1
530,6755000,6000,4,2,4,1,0,0,0,1,0,0,0
531,6720000,5020,3,1,4,1,0,0,0,1,0,1,0
532,6685000,6600,2,2,4,1,0,1,0,0,0,1,2
533,6650000,4040,3,1,2,1,0,1,1,0,1,0,2
534,6650000,4260,4,2,2,1,0,0,1,0,0,0,1
535,6650000,6420,3,2,3,1,0,0,0,1,0,1,2
536,8295000,4880,4,2,2,1,0,0,0,1,1,1,2
537,8190000,5960,3,3,2,1,1,1,0,0,1,0,0
538,8120000,6840,5,1,2,1,1,1,0,1,1,0,2
539,8080940,7000,3,2,4,1,0,0,0,1,2,0,2
540,3115000,3000,3,1,1,0,0,0,0,1,0,0,0
541,3115000,3850,3,1,2,1,0,0,0,0,0,0,0
542,3115000,3500,2,1,1,1,0,0,0,0,0,0,0
543,3087000,8100,2,1,1,1,0,0,0,0,1,0,0
544,3080000,4960,2,1,1,1,0,1,0,1,0,0,0
